3970,
9883,
74,
853,
5002,
5997,
603,
436,
6642,
6921,
2054,
1028,
6824,
3667,
5088,
3419,
7815,
9879,
9393,
7602,
6690,
6425,
5956,
8490,
1983,
2325,
4255,
861,
2540,
8884,
9897,
8296,
3267,
892,
9135,
1315,
8236,
9303,
135,
4259,
3930,
7250,
3580,
459,
6156,
3227,
583,
4928,
6544,
5932,
2616,
882,
5264,
3828,
7266,
4893,
5537,
4076,
5980,
6930,
1178,
4508,
1488,
2295,
5908,
987,
2931,
2176,
2568,
6262,
8618,
1433,
3256,
5904,
3085,
290,
5982,
6879,
7597,
8040,
7914,
6183,
6886,
9287,
9608,
9090,
9523,
8947,
9651,
5889,
1721,
286,
1449,
1100,
1596,
5081,
7843,
7109,
5242,
4870,
931,
8316,
3690,
9341,
644,
2597,
1142,
760,
9503,
6402,
664,
4493,
7889,
1649,
4719,
9613,
2134,
1703,
3978,
1358,
9093,
7868,
3062,
7384,
6075,
7169,
7856,
2069,
8616,
6175,
2217,
700,
9620,
1272,
8484,
968,
5243,
8861,
7156,
7812,
2537,
790,
1942,
6303,
4041,
347,
5147,
1643,
6180,
7607,
346,
2781,
7928,
4313,
9395,
984,
8258,
9752,
3538,
1387,
6259,
4300,
6731,
5762,
1624,
9833,
3309,
9253,
7598,
4037,
9440,
3855,
7275,
9388,
4868,
1889,
9438,
8627,
4030,
7148,
2947,
1385,
3578,
7182,
1651,
8452,
9151,
8000,
7754,
3335,
9105,
1860,
8571,
6114,
841,
6246,
3775,
4661,
7493,
6040,
8038,
8331,
1551,
4341,
7020,
9779,
3020,
190,
6151,
8640,
1188,
8725,
710,
2626,
1454,
7452,
4011,
381,
5663,
7719,
1253,
7925,
8794,
4614,
1296,
3621,
6396,
1646,
6369,
1412,
7088,
1150,
93,
8312,
7575,
5858,
8360,
4073,
2547,
8103,
6558,
6284,
1579,
7159,
2256,
733,
5246,
1755,
3960,
1706,
9587,
1684,
1831,
4841,
3281,
9463,
9836,
6395,
311,
2158,
9858,
8346,
625,
1578,
9558,
9350,
5823,
6054,
6496,
9727,
1211,
8376,
4005,
6683,
7905,
1045,
9380,
6881,
7836,
325,
7547,
1053,
8375,
6486,
5124,
3257,
4912,
3012,
2306,
2380,
5842,
2734,
7220,
2400,
5819,
6112,
9272,
12,
4210,
1600,
8313,
5877,
4885,
5856,
6279,
5181,
1796,
6033,
1367,
9466,
269,
7194,
1124,
9471,
1203,
9713,
1061,
3784,
7197,
7196,
159,
6318,
9726,
3133,
216,
1738,
7341,
2774,
718,
4702,
77,
5112,
8898,
9291,
888,
1080,
5766,
7809,
9076,
3237,
5523,
2824,
4167,
9066,
3299,
3567,
6378,
962,
8057,
8789,
4490,
592,
1010,
720,
5129,
6790,
6141,
8848,
7428,
9274,
3109,
3508,
2797,
3598,
817,
897,
7233,
6383,
3544,
8478,
581,
501,
1803,
2192,
8109,
9943,
569,
9733,
9207,
1602,
1112,
6470,
794,
9487,
4910,
1390,
613,
5224,
4225,
340,
3713,
7665,
7376,
2960,
4527,
5161,
5660,
1525,
9774,
2023,
2220,
8078,
8782,
9109,
554,
8328,
4295,
8345,
5062,
1345,
1958,
2954,
5536,
6549,
4457,
1853,
8881,
3050,
4280,
5965,
2081,
1066,
8161,
5678,
3702,
1781,
9248,
6353,
1487,
8371,
4783,
9231,
5362,
2339,
1370,
3968,
9423,
8608,
5468,
7183,
2060,
6845,
1592,
2556,
4881,
3064,
5642,
7349,
7850,
4426,
7916,
6943,
6322,
4610,
6163,
5027,
9146,
9515,
3725,
9951,
6076,
3485,
367,
9940,
6717,
4882,
1113,
1996,
1944,
7653,
1420,
1732,
3079,
2194,
4286,
6547,
779,
2320,
2701,
8393,
6244,
589,
7281,
1516,
8669,
2925,
1682,
8228,
2795,
7647,
6092,
2756,
2309,
4309,
4805,
8566,
3310,
1227,
8074,
63,
6597,
9368,
8524,
8060,
315,
2648,
4398,
9028,
5540,
3862,
4999,
1763,
6403,
4545,
8656,
4386,
9410,
8658,
3274,
176,
1414,
531,
3546,
3967,
7230,
1539,
2638,
8960,
5249,
4409,
7654,
4026,
3145,
8174,
2877,
2082,
2705,
1343,
7973,
8101,
9714,
8753,
1814,
9504,
896,
4346,
2957,
6158,
3176,
6267,
7833,
9953,
9003,
4484,
7994,
6779,
2827,
1189,
9963,
5096,
6239,
5043,
6170,
844,
2611,
3319,
1255,
6588,
9352,
9548,
698,
7368,
7608,
7028,
5159,
9206,
8827,
8593,
7300,
329,
4102,
1201,
7766,
5729,
7870,
1136,
1938,
8119,
2670,
737,
9702,
4414,
4209,
5285,
4434,
3996,
8471,
9580,
6147,
8718,
4092,
1685,
9020,
6810,
8949,
6585,
7904,
2748,
9053,
6385,
6616,
8096,
9409,
1523,
6577,
6746,
6461,
130,
7768,
862,
8765,
3368,
6994,
7587,
2630,
6854,
2923,
203,
1840,
5681,
6435,
6613,
1071,
4670,
2962,
4164,
5570,
693,
1737,
9749,
3877,
1511,
8473,
6657,
2804,
2511,
3757,
3027,
211,
5185,
7857,
7586,
2840,
7827,
5252,
4921,
3917,
2390,
8880,
3883,
7051,
4636,
4552,
4863,
6510,
1582,
6664,
8546,
5445,
8434,
3651,
6764,
2881,
2243,
4529,
1430,
6743,
9739,
6036,
5412,
8204,
8828,
3836,
4245,
960,
7382,
9460,
6090,
3919,
4726,
7929,
9301,
1340,
6408,
7090,
45,
3321,
8182,
9662,
4659,
6488,
9541,
2574,
8191,
6004,
3395,
9480,
9873,
721,
1327,
1291,
4878,
1663,
2883,
2045,
3398,
471,
4202,
8813,
846,
6917,
8321,
2941,
5883,
2978,
4325,
6815,
8620,
9489,
2902,
6250,
1585,
7854,
3682,
9200,
6447,
4404,
4380,
7440,
5550,
5651,
6533,
4382,
4417,
2305,
5964,
1650,
6124,
3320,
4825,
2046,
9067,
5151,
7549,
5420,
2520,
4055,
7317,
8541,
1309,
5352,
8233,
9656,
3550,
235,
1718,
444,
9812,
4217,
4568,
3046,
9956,
330,
7074,
5680,
2961,
8905,
8686,
6354,
8515,
9689,
2708,
8701,
9798,
8071,
7859,
8916,
7413,
372,
8159,
8385,
8793,
6937,
3880,
462,
2569,
4227,
1156,
4963,
8857,
5297,
7875,
162,
7248,
5232,
6159,
1671,
1951,
5833,
161,
7155,
3410,
1231,
3038,
3179,
1469,
2799,
8429,
2104,
3694,
4998,
6993,
6970,
5110,
6966,
510,
1575,
4458,
8208,
3650,
1894,
9718,
8488,
4205,
7818,
5774,
1956,
9551,
3429,
4256,
7714,
1928,
6295,
2790,
4620,
7276,
4862,
250,
9307,
3199,
2715,
3712,
4071,
1463,
5479,
6665,
9921,
6865,
1528,
215,
6253,
8062,
2521,
2065,
4059,
10,
8045,
5211,
2121,
7778,
2145,
3161,
4351,
2430,
4687,
7095,
4795,
6199,
646,
3203,
7329,
5415,
8213,
5695,
5547,
9998,
1233,
9821,
4618,
3903,
6409,
9103,
2792,
2461,
6888,
3647,
5470,
7311,
2513,
3370,
7721,
8815,
9970,
4392,
1172,
5625,
7883,
946,
8839,
9088,
6955,
1254,
1404,
6287,
5376,
8333,
3859,
5874,
9499,
1601,
7977,
2989,
2876,
5947,
6980,
7832,
3747,
505,
2531,
4096,
7952,
1411,
3455,
885,
7527,
4233,
8177,
6492,
4100,
6652,
2750,
6614,
4045,
2426,
8602,
6704,
2603,
5661,
5064,
5429,
3625,
3017,
8758,
7421,
3091,
9475,
2534,
7237,
5308,
5077,
6911,
7494,
4840,
6840,
4738,
5730,
4181,
148,
3992,
6234,
5507,
519,
3952,
4171,
382,
9965,
8548,
4180,
6640,
7034,
1965,
2047,
18,
4565,
9563,
5423,
9915,
9259,
4677,
6415,
9629,
8594,
2588,
3639,
2072,
6568,
7501,
2581,
9167,
2442,
3252,
8720,
9255,
8808,
4859,
6142,
6843,
8892,
4754,
7887,
4046,
3476,
1149,
3817,
6206,
7790,
3825,
6293,
4399,
5802,
3178,
3596,
2841,
6324,
6564,
5229,
7509,
6990,
299,
2057,
1750,
9778,
7800,
6055,
3277,
7257,
9666,
6184,
8407,
8242,
2348,
6873,
9363,
2854,
7101,
106,
6813,
8458,
5939,
8116,
3358,
3467,
42,
2674,
9422,
2170,
3674,
2021,
7860,
8721,
9847,
232,
5406,
5396,
6508,
1056,
9070,
2143,
6864,
6773,
8107,
1140,
1057,
8972,
5168,
8563,
7185,
9512,
3579,
7362,
1790,
9247,
6361,
767,
3273,
890,
469,
1670,
87,
6637,
5753,
9974,
3049,
6964,
8240,
8027,
724,
3897,
7900,
3528,
3068,
2741,
8862,
3589,
8369,
6080,
1812,
2935,
2612,
8268,
2563,
6719,
8444,
3462,
8692,
1114,
3407,
9330,
9327,
5764,
4473,
1816,
365,
3312,
1637,
7962,
5781,
3160,
8143,
3802,
6600,
1719,
9925,
1491,
4635,
70,
2515,
8175,
1096,
6381,
5202,
536,
2595,
3590,
699,
6828,
2656,
4808,
7513,
2996,
4016,
8248,
157,
5419,
50,
9240,
7289,
5646,
9946,
6674,
9937,
2018,
3126,
1963,
9456,
4930,
8834,
9669,
5510,
6678,
6280,
7770,
4842,
3896,
3845,
5667,
1063,
4933,
5108,
4708,
2500,
9591,
4539,
9790,
4689,
7392,
7963,
2260,
7447,
9107,
4288,
2685,
8168,
9357,
9892,
635,
7775,
6445,
8907,
970,
2094,
5506,
4385,
5169,
2368,
1193,
523,
6641,
5582,
553,
7693,
3234,
9439,
9376,
1723,
6612,
2340,
1067,
926,
5439,
895,
9677,
6377,
5500,
2120,
8561,
1622,
9426,
7975,
7624,
8840,
2437,
6220,
7910,
4304,
1984,
5033,
9880,
4436,
3428,
7987,
7491,
8826,
2457,
2367,
6715,
7988,
515,
4190,
6436,
7898,
7355,
3564,
3557,
2570,
2475,
5834,
3475,
6241,
6285,
3443,
5872,
7223,
8125,
1081,
9321,
3807,
4094,
7075,
2680,
8187,
484,
6983,
5797,
9361,
3000,
4126,
6801,
7272,
1428,
6041,
7617,
8325,
9356,
4869,
1446,
5020,
3791,
6962,
1793,
3016,
8486,
5593,
4755,
9823,
5671,
8855,
9102,
8974,
7934,
7251,
6627,
2063,
4503,
7657,
4771,
6111,
5627,
1333,
3822,
1479,
6604,
2675,
8887,
8657,
5433,
1437,
8623,
7522,
4606,
1092,
223,
829,
4375,
5580,
3584,
9766,
9827,
7350,
8613,
7424,
1629,
5443,
6345,
8005,
9084,
7395,
7385,
8747,
2918,
8295,
1915,
2738,
6611,
6405,
8414,
2930,
9235,
7982,
907,
7301,
343,
7838,
9686,
6102,
8564,
2271,
8818,
6736,
23,
2826,
1248,
2304,
4962,
7706,
4845,
5973,
2480,
2884,
51,
9843,
8792,
2501,
1854,
734,
6926,
2760,
8985,
9537,
9920,
5192,
4362,
6372,
3029,
3465,
6807,
5322,
6208,
9649,
4223,
8299,
5581,
9659,
4574,
1856,
5566,
140,
6829,
3235,
4960,
4479,
6120,
1021,
3708,
1319,
2488,
4507,
6247,
7943,
6759,
7789,
3450,
4988,
9057,
4541,
254,
5413,
4418,
9528,
1654,
6981,
6958,
777,
7668,
8768,
912,
8293,
9791,
1117,
4729,
3157,
8135,
7794,
917,
6347,
7819,
6321,
8197,
9026,
6777,
4601,
7364,
5925,
9436,
2185,
3860,
8340,
713,
4932,
1303,
5012,
5026,
910,
9204,
8176,
991,
8344,
6814,
3633,
3236,
9936,
3453,
1121,
2856,
9842,
1669,
4273,
9041,
8378,
3473,
3297,
6286,
2848,
4099,
8193,
6421,
2503,
2527,
2587,
1212,
9198,
1662,
4505,
1224,
9972,
7865,
6701,
3924,
4522,
6615,
8106,
8185,
464,
4887,
945,
819,
8016,
2184,
5227,
1857,
2303,
7537,
9096,
5380,
2365,
2148,
4347,
2297,
4628,
8384,
4377,
7814,
4221,
7709,
6592,
5360,
2514,
8509,
1701,
8285,
4793,
3568,
6776,
8904,
548,
8677,
455,
9780,
5024,
5516,
3962,
3645,
3555,
748,
4127,
1355,
194,
8713,
5179,
8317,
1416,
7154,
2678,
1216,
8844,
5205,
3263,
6580,
2396,
9478,
2218,
2246,
5475,
2740,
7214,
2200,
222,
5304,
5407,
4643,
7199,
6655,
4551,
1760,
2099,
8184,
5119,
1712,
1969,
1962,
1090,
4062,
2709,
4269,
2391,
7740,
2842,
5065,
8570,
2663,
6609,
2699,
4812,
1861,
669,
7142,
1415,
3832,
7591,
2462,
2296,
3114,
7397,
601,
6455,
1395,
9166,
2897,
6215,
7377,
6256,
2033,
2973,
9419,
2698,
8163,
5082,
7052,
5517,
5976,
3242,
1027,
1146,
4192,
9296,
5993,
5266,
7409,
3926,
7886,
4676,
8822,
1631,
2403,
7127,
5436,
7381,
797,
2431,
8067,
8504,
9055,
2044,
9685,
3081,
7979,
5389,
6643,
8831,
6484,
5201,
8714,
7177,
868,
4282,
2858,
1342,
9246,
7594,
2676,
822,
273,
9009,
8508,
9428,
6610,
2851,
9170,
6546,
5521,
5103,
3834,
4066,
4699,
628,
5013,
46,
7394,
8674,
20,
752,
2689,
1557,
1017,
1973,
1674,
3830,
7664,
2544,
9434,
9701,
1344,
7325,
6427,
9218,
3078,
5345,
9994,
6064,
3851,
4594,
4966,
3255,
2504,
9817,
5156,
995,
5469,
351,
2819,
766,
8662,
8230,
9743,
9432,
6359,
7179,
4339,
6778,
5483,
3494,
1182,
6768,
4853,
2983,
4111,
4097,
4193,
3843,
9344,
4407,
8863,
8601,
2055,
9510,
8635,
7255,
2292,
4898,
3934,
207,
3458,
2293,
2736,
5655,
163,
5274,
9470,
4668,
9050,
3697,
8365,
6872,
2825,
7390,
2637,
5397,
2373,
4451,
1128,
4154,
9918,
4488,
2263,
6401,
8555,
2048,
8253,
8456,
9316,
8349,
1359,
2713,
6187,
1690,
9379,
6311,
4160,
2408,
9575,
1890,
1885,
9801,
3098,
7697,
4013,
9816,
933,
1495,
2700,
2558,
7958,
2261,
5196,
6636,
6122,
587,
3818,
1069,
3894,
2167,
8395,
3460,
5741,
1339,
9228,
9473,
1077,
9934,
6668,
6236,
3915,
537,
7984,
2447,
1326,
1842,
137,
3014,
5844,
3275,
6857,
6729,
3469,
2720,
271,
5992,
3144,
7330,
2190,
8574,
3343,
5021,
3430,
3599,
6935,
7820,
4134,
6924,
9657,
5918,
3910,
540,
6023,
5272,
577,
8590,
2821,
2443,
6947,
6910,
6424,
2661,
7716,
6536,
8439,
2822,
8463,
6053,
3436,
6422,
6133,
1598,
857,
5279,
850,
5006,
4665,
6166,
5334,
1936,
177,
4854,
7139,
7228,
9182,
9101,
1659,
9979,
6639,
33,
2671,
7033,
6275,
7305,
3986,
5941,
9715,
2323,
1157,
104,
6870,
8776,
7961,
9243,
8958,
9294,
68,
8790,
9464,
6710,
7666,
2615,
6024,
287,
1249,
3154,
3701,
8277,
7168,
3136,
4329,
2745,
2472,
2749,
6164,
9781,
2905,
7320,
2798,
7983,
9973,
8767,
2171,
8077,
4087,
5085,
4774,
2807,
9123,
4775,
2607,
9834,
5237,
7762,
7001,
4752,
475,
2155,
7847,
11,
337,
6997,
8179,
5683,
5041,
8595,
1252,
4435,
9457,
983,
7993,
1924,
1908,
4119,
498,
9627,
3210,
574,
1595,
6178,
4049,
4772,
9354,
3638,
5154,
2139,
407,
3065,
771,
508,
9189,
3290,
2711,
3480,
9600,
8053,
5505,
5514,
2644,
618,
8951,
579,
7998,
5183,
4036,
8798,
2981,
3490,
2459,
4832,
3441,
6360,
4779,
5638,
1767,
7054,
4778,
1256,
7471,
7616,
2095,
1665,
6751,
6591,
6327,
2838,
791,
2407,
9964,
8588,
7732,
2584,
4411,
7542,
1895,
8525,
6553,
9275,
9134,
1116,
5895,
9349,
8392,
9245,
4597,
1265,
3457,
3318,
5401,
2466,
2606,
2948,
3631,
1542,
7473,
7917,
4056,
2097,
6959,
675,
1982,
7318,
9954,
971,
8406,
8324,
7784,
3313,
8893,
7274,
3427,
4080,
2787,
4744,
7055,
9540,
998,
1548,
1405,
6013,
9453,
7661,
6224,
3642,
916,
4023,
145,
2254,
363,
6753,
5338,
7953,
2147,
502,
4258,
1875,
4642,
611,
2813,
9748,
8396,
5953,
7057,
5430,
3985,
1570,
3833,
9462,
8856,
5768,
4847,
5149,
6705,
7412,
8364,
4765,
4163,
7071,
2952,
9042,
5340,
9674,
9309,
59,
6635,
4533,
4532,
2498,
3055,
9162,
6696,
6190,
1823,
83,
2003,
2195,
3185,
9072,
2248,
2633,
8094,
1759,
3461,
1666,
1052,
9917,
2193,
8014,
7393,
6906,
5647,
8459,
8104,
3121,
8606,
7985,
5236,
5316,
7745,
7981,
4372,
5339,
6230,
8165,
2483,
5639,
3950,
2886,
1229,
8322,
1195,
9111,
9697,
4905,
2788,
2861,
2330,
923,
8239,
2208,
3026,
1221,
6149,
2133,
8262,
9117,
224,
8637,
8291,
6063,
3066,
1533,
798,
6714,
2042,
4157,
2491,
3819,
2703,
1208,
3260,
7455,
2835,
6426,
8709,
2766,
5754,
4579,
9862,
9079,
3141,
8715,
5184,
9013,
9190,
8144,
2412,
9754,
9474,
4144,
8967,
6856,
9348,
2524,
5301,
1741,
3030,
1899,
6922,
3608,
9031,
7488,
4441,
5344,
1007,
64,
9242,
920,
9857,
8547,
2141,
8814,
209,
4083,
4352,
2484,
8405,
1847,
4456,
9019,
171,
4877,
4455,
773,
5016,
2662,
988,
9355,
4991,
2870,
1641,
1726,
6167,
118,
1619,
3241,
3294,
632,
1742,
7365,
1220,
6356,
9711,
9087,
96,
3348,
7492,
1041,
7296,
605,
2863,
6110,
8390,
6227,
9168,
6271,
438,
7912,
2118,
9404,
568,
9184,
6700,
3612,
6593,
5905,
1870,
6619,
8537,
7521,
9947,
2585,
6989,
4478,
2150,
3426,
9035,
4029,
5150,
1746,
7115,
1808,
338,
6561,
7649,
2620,
4042,
1709,
715,
6086,
6237,
5772,
5984,
4356,
4888,
7949,
5148,
4208,
8454,
8670,
816,
6861,
7553,
3711,
8070,
4902,
5749,
4168,
1926,
4796,
9852,
9097,
7759,
453,
7291,
8589,
1348,
81,
3113,
5247,
2225,
5173,
2399,
4138,
4403,
489,
2830,
4566,
7951,
5208,
2543,
378,
1279,
3846,
9018,
2507,
3001,
3889,
1375,
7418,
9075,
7852,
2907,
3661,
2728,
8150,
1337,
2276,
8521,
6265,
7066,
3918,
7446,
8869,
2704,
9604,
7307,
155,
9712,
5954,
9577,
5759,
959,
5860,
4645,
9381,
1739,
1534,
1632,
2782,
3073,
153,
9017,
78,
2214,
1107,
2635,
5008,
3180,
8629,
5748,
9861,
6128,
9526,
4897,
7078,
6444,
9335,
1129,
9809,
4152,
6278,
9054,
4839,
8275,
1363,
5471,
8786,
9529,
8200,
4856,
4690,
4691,
9538,
3406,
8864,
6130,
1087,
7441,
9260,
2548,
9277,
4031,
8585,
2710,
422,
19,
7924,
5702,
2159,
8278,
9991,
9710,
514,
7921,
1048,
5442,
2596,
2318,
9967,
9926,
9891,
9156,
1916,
427,
2669,
940,
5263,
8438,
3156,
9038,
6954,
1444,
9029,
806,
9217,
2005,
921,
9516,
2693,
7957,
8802,
5190,
8819,
3206,
8303,
3083,
5022,
8462,
9889,
6971,
4106,
6721,
1192,
1836,
709,
586,
5558,
1378,
8708,
8812,
6587,
6047,
9077,
2912,
3070,
3872,
5306,
3075,
7123,
4125,
647,
9254,
9044,
6386,
8823,
2927,
8748,
2866,
4927,
4731,
4077,
8249,
9452,
2351,
8911,
9995,
8063